0000000000000000
0000000011001001
0000000110010010
0000001001011011
0000001100100100
0000001111101101
0000010010110110
0000010101111111
0000011001000111
0000011100010000
0000011111011001
0000100010100010
0000100101101010
0000101000110011
0000101011111011
0000101111000011
0000110010001011
0000110101010011
0000111000011011
0000111011100011
0000111110101011
0001000001110010
0001000100111001
0001001000000001
0001001011001000
0001001110001110
0001010001010101
0001010100011011
0001010111100010
0001011010101000
0001011101101101
0001100000110011
0001100011111000
0001100110111101
0001101010000010
0001101101000111
0001110000001011
0001110011001111
0001110110010011
0001111001010110
0001111100011001
0001111111011100
0010000010011111
0010000101100001
0010001000100011
0010001011100101
0010001110100110
0010010001100111
0010010100101000
0010010111101000
0010011010101000
0010011101100111
0010100000100110
0010100011100101
0010100110100011
0010101001100001
0010101100011111
0010101111011100
0010110010011000
0010110101010101
0010111000010001
0010111011001100
0010111110000111
0011000001000001
0011000011111011
0011000110110101
0011001001101110
0011001100100110
0011001111011110
0011010010010110
0011010101001101
0011011000000100
0011011010111010
0011011101101111
0011100000100100
0011100011011000
0011100110001100
0011101001000000
0011101011110010
0011101110100101
0011110001010110
0011110100000111
0011110110111000
0011111001101000
0011111100010111
0011111111000101
0100000001110011
0100000100100001
0100000111001110
0100001001111010
0100001100100101
0100001111010000
0100010001111010
0100010100100100
0100010111001101
0100011001110101
0100011100011100
0100011111000011
0100100001101001
0100100100001111
0100100110110100
0100101001011000
0100101011111011
0100101110011110
0100110000111111
0100110011100001
0100110110000001
0100111000100001
0100111010111111
0100111101011110
0100111111111011
0101000010010111
0101000100110011
0101000111001110
0101001001101001
0101001100000010
0101001110011011
0101010000110011
0101010011001010
0101010101100000
0101010111110101
0101011010001010
0101011100011101
0101011110110000
0101100001000010
0101100011010100
0101100101100100
0101100111110011
0101101010000010
0101101100010000
0101101110011101
0101110000101001
0101110010110100
0101110100111110
0101110111000111
0101111001010000
0101111011010111
0101111101011110
0101111111100011
0110000001101000
0110000011101100
0110000101101111
0110000111110001
0110001001110001
0110001011110010
0110001101110001
0110001111101111
0110010001101100
0110010011101000
0110010101100011
0110010111011101
0110011001010111
0110011011001111
0110011101000110
0110011110111101
0110100000110010
0110100010100110
0110100100011001
0110100110001100
0110100111111101
0110101001101101
0110101011011100
0110101101001010
0110101110111000
0110110000100100
0110110010001111
0110110011111001
0110110101100010
0110110111001010
0110111000110000
0110111010010110
0110111011111011
0110111101011111
0110111111000001
0111000000100011
0111000010000011
0111000011100010
0111000101000001
0111000110011110
0111000111111010
0111001001010101
0111001010101111
0111001100000111
0111001101011111
0111001110110101
0111010000001011
0111010001011111
0111010010110010
0111010100000100
0111010101010101
0111010110100101
0111010111110100
0111011001000001
0111011010001110
0111011011011001
0111011100100011
0111011101101100
0111011110110100
0111011111111010
0111100001000000
0111100010000100
0111100011000111
0111100100001001
0111100101001010
0111100110001010
0111100111001000
0111101000000101
0111101001000010
0111101001111101
0111101010110110
0111101011101111
0111101100100110
0111101101011101
0111101110010010
0111101111000101
0111101111111000
0111110000101001
0111110001011010
0111110010001001
0111110010110111
0111110011100011
0111110100001111
0111110100111001
0111110101100010
0111110110001010
0111110110110000
0111110111010110
0111110111111010
0111111000011101
0111111000111111
0111111001011111
0111111001111111
0111111010011101
0111111010111010
0111111011010101
0111111011110000
0111111100001001
0111111100100001
0111111100111000
0111111101001101
0111111101100010
0111111101110101
0111111110000111
0111111110010111
0111111110100111
0111111110110101
0111111111000010
0111111111001110
0111111111011000
0111111111100001
0111111111101001
0111111111110000
0111111111110110
0111111111111010
0111111111111101
0111111111111111
